Location: LineBreakUtils.java

Content: 

/** 

 * Return the break class constant for the given pair of linebreak property constants.

 * @param lineBreakPropertyBefore the linebreak property for the first characterin a two-character sequence

 * @param lineBreakPropertyAfter the linebreak property for the second characterin a two-character sequence

 * @return the constant representing the break class

 */

public static byte getLineBreakPairProperty(int lineBreakPropertyBefore,int lineBreakPropertyAfter){

  return PAIR_TABLE[lineBreakPropertyBefore - 1][lineBreakPropertyAfter - 1];

}

Location: LineBreakUtils.java

Content: 

/** 

 * Return the long name for the linebreak property corresponding to the given symbolic constant.

 * @param i the numeric value of the linebreak property

 * @return the long name of the linebreak property

 */

public static String getLineBreakPropertyLongName(byte i){

  if (i > 0 && i <= lineBreakPropertyLongNames.length) {

    return lineBreakPropertyLongNames[i - 1];

  }

 else {

    return null;

  }

}

Location: LineBreakUtils.java

Content: 

/** 

 * Return the short name for the linebreak property corresponding to the given symbolic constant.

 * @param i the numeric value of the linebreak property

 * @return the short name of the linebreak property

 */

public static String getLineBreakPropertyShortName(byte i){

  if (i > 0 && i <= lineBreakPropertyShortNames.length) {

    return lineBreakPropertyShortNames[i - 1];

  }

 else {

    return null;

  }

}

Location: LineBreakUtils.java

Content: 

/** 

 * Return the linebreak property constant for the given <code>char</code>

 * @param c the <code>char</code> whose linebreak property to return

 * @return the constant representing the linebreak property

 */

public static byte getLineBreakProperty(char c){

  return lineBreakProperties[c / 128][c % 128];

}

Location: LineBreakUtils.java

Content: 

private static void init0(){

  lineBreakProperties[0]=new byte[]{9,9,9,9,9,9,9,9,9,4,23,6,6,11,9,9,9,9,9,9,9,9,9,9,9,9,9,9,9,9,9,9,33,12,30,2,29,28,2,30,27,10,2,29,19,16,19,34,26,26,26,26,26,26,26,26,26,26,19,19,2,2,2,12,2,2,2,2,2,2,2,2,2,2,2,2,2,2,2,2,2,2,2,2,2,2,2,2,2,2,2,27,29,10,2,2,2,2,2,2,2,2,2,2,2,2,2,2,2,2,2,2,2,2,2,2,2,2,2,2,2,2,2,27,4,8,2,9};

  lineBreakProperties[1]=new byte[]{9,9,9,9,9,24,9,9,9,9,9,9,9,9,9,9,9,9,9,9,9,9,9,9,9,9,9,9,9,9,9,9,13,27,28,29,29,29,2,1,1,2,1,30,2,4,2,2,28,29,1,1,5,2,1,1,1,1,1,30,1,1,1,27,2,2,2,2,2,2,2,2,2,2,2,2,2,2,2,2,2,2,2,2,2,2,2,1,2,2,2,2,2,2,2,2,2,2,2,2,2,2,2,2,2,2,2,2,2,2,2,2,2,2,2,2,2,2,2,1,2,2,2,2,2,2,2,2};

  lineBreakProperties[2]=new byte[]{2,2,2,2,2,2,2,2,2,2,2,2,2,2,2,2,2,2,2,2,2,2,2,2,2,2,2,2,2,2,2,2,2,2,2,2,2,2,2,2,2,2,2,2,2,2,2,2,2,2,2,2,2,2,2,2,2,2,2,2,2,2,2,2,2,2,2,2,2,2,2,2,2,2,2,2,2,2,2,2,2,2,2,2,2,2,2,2,2,2,2,2,2,2,2,2,2,2,2,2,2,2,2,2,2,2,2,2,2,2,2,2,2,2,2,2,2,2,2,2,2,2,2,2,2,2,2,2};

  lineBreakProperties[5]=new byte[]{2,2,2,2,2,2,2,2,2,2,2,2,2,2,2,2,2,2,2,2,2,2,2,2,2,2,2,2,2,2,2,2,2,2,2,2,2,2,2,2,2,2,2,2,2,2,2,2,2,2,2,2,2,2,2,2,2,2,2,2,2,2,2,2,2,2,2,2,2,2,2,1,5,1,1,1,5,1,2,2,1,2,2,2,2,2,2,2,1,1,1,1,2,1,2,5,2,2,2,2,2,2,2,2,2,2,2,2,2,2,2,2,2,2,2,2,2,2,2,2,2,2,2,2,2,2,2,2};

  lineBreakProperties[6]=new byte[]{9,9,9,9,9,9,9,9,9,9,9,9,9,9,9,9,9,9,9,9,9,9,9,9,9,9,9,9,9,9,9,9,9,9,9,9,9,9,9,9,9,9,9,9,9,9,9,9,9,9,9,9,9,9,9,9,9,9,9,9,9,9,9,9,9,9,9,9,9,9,9,9,9,9,9,9,9,9,9,13,9,9,9,9,9,9,9,9,9,9,9,9,13,13,13,13,13,13,13,9,9,9,9,9,9,9,9,9,9,9,9,9,2,2,2,2,2,2,2,2,0,0,2,2,2,2,19,0};

  lineBreakProperties[7]=new byte[]{0,0,0,0,2,2,2,2,2,2,2,0,2,0,2,2,2,2,2,2,2,2,2,2,2,2,2,2,2,2,2,2,2,2,0,2,2,2,2,2,2,2,2,2,2,2,2,2,2,2,2,2,2,2,2,2,2,2,2,2,2,2,2,2,2,2,2,2,2,2,2,2,2,2,2,2,2,2,2,2,2,2,2,2,2,2,2,2,2,2,2,2,2,2,2,2,2,2,2,2,2,2,2,2,2,2,2,2,2,2,2,2,2,2,2,2,2,2,2,2,2,2,2,2,2,2,2,2};

  lineBreakProperties[9]=new byte[]{2,2,2,9,9,9,9,9,9,9,2,2,2,2,2,2,2,2,2,2,2,2,2,2,2,2,2,2,2,2,2,2,2,2,2,2,2,2,2,2,2,2,2,2,2,2,2,2,2,2,2,2,2,2,2,2,2,2,2,2,2,2,2,2,2,2,2,2,2,2,2,2,2,2,2,2,2,2,2,2,2,2,2,2,2,2,2,2,2,2,2,2,2,2,2,2,2,2,2,2,2,2,2,2,2,2,2,2,2,2,2,2,2,2,2,2,2,2,2,2,2,2,2,2,2,2,2,2};

  lineBreakProperties[10]=new byte[]{2,2,2,2,2,2,2,2,2,2,2,2,2,2,2,2,2,2,2,2,2,2,2,2,2,2,2,2,2,2,2,2,2,2,2,2,2,2,2,2,0,0,0,0,0,0,0,0,0,2,2,2,2,2,2,2,2,2,2,2,2,2,2,2,2,2,2,2,2,2,2,2,2,2,2,2,2,2,2,2,2,2,2,2,2,2,2,0,0,2,2,2,2,2,2,2,0,2,2,2,2,2,2,2,2,2,2,2,2,2,2,2,2,2,2,2,2,2,2,2,2,2,2,2,2,2,2,2};

  lineBreakProperties[11]=new byte[]{2,2,2,2,2,2,2,2,0,19,4,0,0,0,0,0,0,9,9,9,9,9,9,9,9,9,9,9,9,9,9,9,9,9,9,9,9,9,9,9,9,9,9,9,9,9,9,9,9,9,9,9,9,9,9,9,9,9,9,9,9,9,4,9,2,9,9,2,9,9,12,9,0,0,0,0,0,0,0,0,2,2,2,2,2,2,2,2,2,2,2,2,2,2,2,2,2,2,2,2,2,2,2,2,2,2,2,0,0,0,0,0,2,2,2,2,2,0,0,0,0,0,0,0,0,0,0,0};

  lineBreakProperties[12]=new byte[]{2,2,2,2,0,0,2,2,2,28,28,28,19,19,2,2,9,9,9,9,9,9,9,9,9,9,9,12,0,0,12,12,2,2,2,2,2,2,2,2,2,2,2,2,2,2,2,2,2,2,2,2,2,2,2,2,2,2,2,2,2,2,2,2,2,2,2,2,2,2,2,2,2,2,2,9,9,9,9,9,9,9,9,9,9,9,9,9,9,9,9,9,9,9,9,9,26,26,26,26,26,26,26,26,26,26,28,26,26,2,2,2,9,2,2,2,2,2,2,2,2,2,2,2,2,2,2,2};

  lineBreakProperties[13]=new byte[]{2,2,2,2,2,2,2,2,2,2,2,2,2,2,2,2,2,2,2,2,2,2,2,2,2,2,2,2,2,2,2,2,2,2,2,2,2,2,2,2,2,2,2,2,2,2,2,2,2,2,2,2,2,2,2,2,2,2,2,2,2,2,2,2,2,2,2,2,2,2,2,2,2,2,2,2,2,2,2,2,2,2,2,2,12,2,9,9,9,9,9,9,9,2,2,9,9,9,9,9,9,2,2,9,9,2,9,9,9,9,2,2,26,26,26,26,26,26,26,26,26,26,2,2,2,2,2,2};

  lineBreakProperties[14]=new byte[]{2,2,2,2,2,2,2,2,2,2,2,2,2,2,0,2,2,9,2,2,2,2,2,2,2,2,2,2,2,2,2,2,2,2,2,2,2,2,2,2,2,2,2,2,2,2,2,2,9,9,9,9,9,9,9,9,9,9,9,9,9,9,9,9,9,9,9,9,9,9,9,9,9,9,9,0,0,2,2,2,2,2,2,2,2,2,2,2,2,2,2,2,2,2,2,2,2,2,2,2,2,2,2,2,2,2,2,2,2,2,2,2,2,2,2,2,2,2,2,2,2,2,2,2,2,2,2,2};

  lineBreakProperties[15]=new byte[]{2,2,2,2,2,2,2,2,2,2,2,2,2,2,2,2,2,2,2,2,2,2,2,2,2,2,2,2,2,2,2,2,2,2,2,2,2,2,9,9,9,9,9,9,9,9,9,9,9,2,0,0,0,0,0,0,0,0,0,0,0,0,0,0,26,26,26,26,26,26,26,26,26,26,2,2,2,2,2,2,2,2,2,2,2,2,2,2,2,2,2,2,2,2,2,2,2,2,2,2,2,2,2,2,2,2,2,9,9,9,9,9,9,9,9,9,2,2,2,2,19,12,2,0,0,0,0,0};

  lineBreakProperties[16]=new byte[]{2,2,2,2,2,2,2,2,2,2,2,2,2,2,2,2,2,2,2,2,2,2,9,9,9,9,2,9,9,9,9,9,9,9,9,9,2,9,9,9,2,9,9,9,9,9,0,0,2,2,2,2,2,2,2,2,2,2,2,2,2,2,2,0,2,2,2,2,2,2,2,2,2,2,2,2,2,2,2,2,2,2,2,2,2,2,2,2,2,9,9,9,0,0,2,0,0,0,0,0,0,0,0,0,0,0,0,0,0,0,0,0,0,0,0,0,0,0,0,0,0,0,0,0,0,0,0,0};

  lineBreakProperties[17]=new byte[]{0,0,0,0,0,0,0,0,0,0,0,0,0,0,0,0,0,0,0,0,0,0,0,0,0,0,0,0,0,0,0,0,0,0,0,0,0,0,0,0,0,0,0,0,0,0,0,0,0,0,0,0,0,0,0,0,0,0,0,0,0,0,0,0,0,0,0,0,0,0,0,0,0,0,0,0,0,0,0,0,0,0,0,0,0,0,0,0,0,0,0,0,0,0,0,0,0,0,0,0,0,0,0,0,0,0,0,0,0,0,0,0,0,0,0,0,0,0,0,0,0,0,0,0,0,0,0,0};

  lineBreakProperties[18]=new byte[]{9,9,9,9,2,2,2,2,2,2,2,2,2,2,2,2,2,2,2,2,2,2,2,2,2,2,2,2,2,2,2,2,2,2,2,2,2,2,2,2,2,2,2,2,2,2,2,2,2,2,2,2,2,2,2,2,2,2,9,9,9,2,9,9,9,9,9,9,9,9,9,9,9,9,9,9,9,9,9,9,2,9,9,9,9,9,9,9,2,2,2,2,2,2,2,2,2,2,9,9,4,4,26,26,26,26,26,26,26,26,26,26,2,2,2,2,2,2,2,2,0,2,2,2,2,2,2,2};

  lineBreakProperties[19]=new byte[]{0,9,9,9,0,2,2,2,2,2,2,2,2,0,0,2,2,0,0,2,2,2,2,2,2,2,2,2,2,2,2,2,2,2,2,2,2,2,2,2,2,0,2,2,2,2,2,2,2,0,2,0,0,0,2,2,2,2,0,0,9,2,9,9,9,9,9,9,9,0,0,9,9,0,0,9,9,9,2,0,0,0,0,0,0,0,0,9,0,0,0,0,2,2,0,2,2,2,9,9,0,0,26,26,26,26,26,26,26,26,26,26,2,2,28,28,2,2,2,2,2,28,2,29,0,0,0,0};

  lineBreakProperties[20]=new byte[]{0,9,9,9,0,2,2,2,2,2,2,0,0,0,0,2,2,0,0,2,2,2,2,2,2,2,2,2,2,2,2,2,2,2,2,2,2,2,2,2,2,0,2,2,2,2,2,2,2,0,2,2,0,2,2,0,2,2,0,0,9,0,9,9,9,9,9,0,0,0,0,9,9,0,0,9,9,9,0,0,0,9,0,0,0,0,0,0,0,2,2,2,2,0,2,0,0,0,0,0,0,0,26,26,26,26,26,26,26,26,26,26,9,9,2,2,2,9,0,0,0,0,0,0,0,0,0,0};

  lineBreakProperties[21]=new byte[]{0,9,9,9,0,2,2,2,2,2,2,2,2,2,0,2,2,2,0,2,2,2,2,2,2,2,2,2,2,2,2,2,2,2,2,2,2,2,2,2,2,0,2,2,2,2,2,2,2,0,2,2,0,2,2,2,2,2,0,0,9,2,9,9,9,9,9,9,9,9,0,9,9,9,0,9,9,9,0,0,2,0,0,0,0,0,0,0,0,0,0,0,0,0,0,0,2,2,9,9,0,0,26,26,26,26,26,26,26,26,26,26,0,29,0,0,0,0,0,0,0,0,0,0,0,0,0,0};

  lineBreakProperties[22]=new byte[]{0,9,9,9,0,2,2,2,2,2,2,2,2,0,0,2,2,0,0,2,2,2,2,2,2,2,2,2,2,2,2,2,2,2,2,2,2,2,2,2,2,0,2,2,2,2,2,2,2,0,2,2,0,2,2,2,2,2,0,0,9,2,9,9,9,9,9,9,9,0,0,9,9,0,0,9,9,9,0,0,0,0,0,0,0,0,9,9,0,0,0,0,2,2,0,2,2,2,9,9,0,0,26,26,26,26,26,26,26,26,26,26,2,2,2,2,2,2,2,2,0,0,0,0,0,0,0,0};

  lineBreakProperties[23]=new byte[]{0,0,9,2,0,2,2,2,2,2,2,0,0,0,2,2,2,0,2,2,2,2,0,0,0,2,2,0,2,0,2,2,0,0,0,2,2,0,0,0,2,2,2,0,0,0,2,2,2,2,2,2,2,2,2,2,2,2,0,0,0,0,9,9,9,9,9,0,0,0,9,9,9,0,9,9,9,9,0,0,2,0,0,0,0,0,0,9,0,0,0,0,0,0,0,0,0,0,0,0,0,0,26,26,26,26,26,26,26,26,26,26,2,2,2,2,2,2,2,2,2,29,2,0,0,0,0,0};

  lineBreakProperties[24]=new byte[]{0,9,9,9,0,2,2,2,2,2,2,2,2,0,2,2,2,0,2,2,2,2,2,2,2,2,2,2,2,2,2,2,2,2,2,2,2,2,2,2,2,0,2,2,2,2,2,2,2,2,2,2,0,2,2,2,2,2,0,0,0,2,9,9,9,9,9,9,9,0,9,9,9,0,9,9,9,9,0,0,0,0,0,0,0,9,9,0,2,2,0,0,0,0,0,0,2,2,9,9,0,0,26,26,26,26,26,26,26,26,26,26,0,0,0,0,0,0,0,0,2,2,2,2,2,2,2,2};

  lineBreakProperties[25]=new byte[]{0,0,9,9,0,2,2,2,2,2,2,2,2,0,2,2,2,0,2,2,2,2,2,2,2,2,2,2,2,2,2,2,2,2,2,2,2,2,2,2,2,0,2,2,2,2,2,2,2,2,2,2,0,2,2,2,2,2,0,0,9,2,9,9,9,9,9,9,9,0,9,9,9,0,9,9,9,9,0,0,0,0,0,0,0,9,9,0,0,0,0,0,0,0,2,0,2,2,9,9,0,0,26,26,26,26,26,26,26,26,26,26,0,2,2,0,0,0,0,0,0,0,0,0,0,0,0,0};

  lineBreakProperties[26]=new byte[]{0,0,9,9,0,2,2,2,2,2,2,2,2,0,2,2,2,0,2,2,2,2,2,2,2,2,2,2,2,2,2,2,2,2,2,2,2,2,2,2,2,2,2,2,2,2,2,2,2,2,2,2,2,2,2,2,2,2,2,0,0,2,9,9,9,9,9,9,9,0,9,9,9,0,9,9,9,9,2,0,0,0,0,0,0,0,0,9,0,0,0,0,0,0,0,0,2,2,9,9,0,0,26,26,26,26,26,26,26,26,26,26,2,2,2,2,2,2,0,0,0,28,2,2,2,2,2,2};

  lineBreakProperties[27]=new byte[]{0,0,9,9,0,2,2,2,2,2,2,2,2,2,2,2,2,2,2,2,2,2,2,0,0,0,2,2,2,2,2,2,2,2,2,2,2,2,2,2,2,2,2,2,2,2,2,2,2,2,0,2,2,2,2,2,2,2,2,2,0,2,0,0,2,2,2,2,2,2,2,0,0,0,9,0,0,0,0,9,9,9,9,9,9,0,9,0,9,9,9,9,9,9,9,9,0,0,0,0,0,0,0,0,0,0,0,0,0,0,0,0,0,0,9,9,2,0,0,0,0,0,0,0,0,0,0,0};

  lineBreakProperties[28]=new byte[]{0,31,31,31,31,31,31,31,31,31,31,31,31,31,31,31,31,31,31,31,31,31,31,31,31,31,31,31,31,31,31,31,31,31,31,31,31,31,31,31,31,31,31,31,31,31,31,31,31,31,31,31,31,31,31,31,31,31,31,0,0,0,0,29,31,31,31,31,31,31,31,31,31,31,31,31,31,31,31,2,26,26,26,26,26,26,26,26,26,26,4,4,0,0,0,0,0,0,0,0,0,0,0,0,0,0,0,0,0,0,0,0,0,0,0,0,0,0,0,0,0,0,0,0,0,0,0,0};

  lineBreakProperties[29]=new byte[]{0,31,31,0,31,0,0,31,31,0,31,0,0,31,0,0,0,0,0,0,31,31,31,31,0,31,31,31,31,31,31,31,0,31,31,31,0,31,0,31,0,0,31,31,0,31,31,31,31,31,31,31,31,31,31,31,31,31,0,31,31,31,0,0,31,31,31,31,31,0,31,0,31,31,31,31,31,31,0,0,26,26,26,26,26,26,26,26,26,26,0,0,31,31,0,0,0,0,0,0,0,0,0,0,0,0,0,0,0,0,0,0,0,0,0,0,0,0,0,0,0,0,0,0,0,0,0,0};

  lineBreakProperties[30]=new byte[]{2,5,5,5,5,2,5,5,13,5,5,4,13,12,12,12,12,12,13,2,12,2,2,2,9,9,2,2,2,2,2,2,26,26,26,26,26,26,26,26,26,26,2,2,2,2,2,2,2,2,2,2,4,9,2,9,2,9,27,8,27,8,9,9,2,2,2,2,2,2,2,2,0,2,2,2,2,2,2,2,2,2,2,2,2,2,2,2,2,2,2,2,2,2,2,2,2,2,2,2,2,2,2,2,2,2,2,2,2,0,0,0,0,9,9,9,9,9,9,9,9,9,9,9,9,9,9,4};

  lineBreakProperties[31]=new byte[]{9,9,9,9,9,4,9,9,2,2,2,2,2,9,9,9,9,9,9,9,9,9,9,9,0,9,9,9,9,9,9,9,9,9,9,9,9,9,9,9,9,9,9,9,9,9,9,9,9,9,9,9,9,9,9,9,9,9,9,9,9,0,4,4,2,2,2,2,2,2,9,2,2,2,2,2,2,0,2,2,5,5,4,5,2,2,2,2,2,13,13,0,0,0,0,0,0,0,0,0,0,0,0,0,0,0,0,0,0,0,0,0,0,0,0,0,0,0,0,0,0,0,0,0,0,0,0,0};

  lineBreakProperties[32]=new byte[]{31,31,31,31,31,31,31,31,31,31,31,31,31,31,31,31,31,31,31,31,31,31,31,31,31,31,31,31,31,31,31,31,31,31,31,31,31,31,31,31,31,31,31,31,31,31,31,31,31,31,31,31,31,31,31,31,31,31,31,31,31,31,31,31,26,26,26,26,26,26,26,26,26,26,4,4,2,2,2,2,31,31,31,31,31,31,31,31,31,31,31,31,31,31,31,31,31,31,31,31,31,31,31,31,31,31,31,31,31,31,31,31,31,31,31,31,31,31,31,31,31,31,31,31,31,31,31,31};

  lineBreakProperties[33]=new byte[]{31,31,31,31,31,31,31,31,31,31,31,31,31,31,31,31,26,26,26,26,26,26,26,26,26,26,31,31,31,31,31,31,2,2,2,2,2,2,2,2,2,2,2,2,2,2,2,2,2,2,2,2,2,2,2,2,2,2,2,2,2,2,2,2,2,2,2,2,2,2,0,0,0,0,0,0,0,0,0,0,2,2,2,2,2,2,2,2,2,2,2,2,2,2,2,2,2,2,2,2,2,2,2,2,2,2,2,2,2,2,2,2,2,2,2,2,2,2,2,2,2,2,2,2,2,0,0,0};

  lineBreakProperties[34]=new byte[]{20,20,20,20,20,20,20,20,20,20,20,20,20,20,20,20,20,20,20,20,20,20,20,20,20,20,20,20,20,20,20,20,20,20,20,20,20,20,20,20,20,20,20,20,20,20,20,20,20,20,20,20,20,20,20,20,20,20,20,20,20,20,20,20,20,20,20,20,20,20,20,20,20,20,20,20,20,20,20,20,20,20,20,20,20,20,20,20,20,20,20,20,20,20,20,20,22,22,22,22,22,22,22,22,22,22,22,22,22,22,22,22,22,22,22,22,22,22,22,22,22,22,22,22,22,22,22,22};

  lineBreakProperties[35]=new byte[]{22,22,22,22,22,22,22,22,22,22,22,22,22,22,22,22,22,22,22,22,22,22,22,22,22,22,22,22,22,22,22,22,22,22,22,22,22,22,22,22,21,21,21,21,21,21,21,21,21,21,21,21,21,21,21,21,21,21,21,21,21,21,21,21,21,21,21,21,21,21,21,21,21,21,21,21,21,21,21,21,21,21,21,21,21,21,21,21,21,21,21,21,21,21,21,21,21,21,21,21,21,21,21,21,21,21,21,21,21,21,21,21,21,21,21,21,21,21,21,21,21,21,21,21,21,21,21,21};

  lineBreakProperties[36]=new byte[]{2,2,2,2,2,2,2,2,2,2,2,2,2,2,2,2,2,2,2,2,2,2,2,2,2,2,2,2,2,2,2,2,2,2,2,2,2,2,2,2,2,2,2,2,2,2,2,2,2,2,2,2,2,2,2,2,2,2,2,2,2,2,2,2,2,2,2,2,2,2,2,2,2,0,2,2,2,2,0,0,2,2,2,2,2,2,2,0,2,0,2,2,2,2,0,0,2,2,2,2,2,2,2,2,2,2,2,2,2,2,2,2,2,2,2,2,2,2,2,2,2,2,2,2,2,2,2,2};

  lineBreakProperties[37]=new byte[]{2,2,2,2,2,2,2,2,2,0,2,2,2,2,0,0,2,2,2,2,2,2,2,2,2,2,2,2,2,2,2,2,2,2,2,2,2,2,2,2,2,2,2,2,2,2,2,2,2,0,2,2,2,2,0,0,2,2,2,2,2,2,2,0,2,0,2,2,2,2,0,0,2,2,2,2,2,2,2,2,2,2,2,2,2,2,2,0,2,2,2,2,2,2,2,2,2,2,2,2,2,2,2,2,2,2,2,2,2,2,2,2,2,2,2,2,2,2,2,2,2,2,2,2,2,2,2,2};

  lineBreakProperties[38]=new byte[]{2,2,2,2,2,2,2,2,2,2,2,2,2,2,2,2,2,0,2,2,2,2,0,0,2,2,2,2,2,2,2,2,2,2,2,2,2,2,2,2,2,2,2,2,2,2,2,2,2,2,2,2,2,2,2,2,2,2,2,2,2,2,2,2,2,2,2,2,2,2,2,2,2,2,2,2,2,2,2,2,2,2,2,2,2,2,2,2,2,2,2,0,0,9,9,9,2,4,2,2,2,2,2,2,2,2,2,2,2,2,2,2,2,2,2,2,2,2,2,2,2,2,2,2,2,0,0,0};

  lineBreakProperties[39]=new byte[]{2,2,2,2,2,2,2,2,2,2,2,2,2,2,2,2,2,2,2,2,2,2,2,2,2,2,0,0,0,0,0,0,2,2,2,2,2,2,2,2,2,2,2,2,2,2,2,2,2,2,2,2,2,2,2,2,2,2,2,2,2,2,2,2,2,2,2,2,2,2,2,2,2,2,2,2,2,2,2,2,2,2,2,2,2,2,2,2,2,2,2,2,2,2,2,2,2,2,2,2,2,2,2,2,2,2,2,2,2,2,2,2,2,2,2,2,2,0,0,0,0,0,0,0,0,0,0,0};

  lineBreakProperties[40]=new byte[]{4,2,2,2,2,2,2,2,2,2,2,2,2,2,2,2,2,2,2,2,2,2,2,2,2,2,2,2,2,2,2,2,2,2,2,2,2,2,2,2,2,2,2,2,2,2,2,2,2,2,2,2,2,2,2,2,2,2,2,2,2,2,2,2,2,2,2,2,2,2,2,2,2,2,2,2,2,2,2,2,2,2,2,2,2,2,2,2,2,2,2,2,2,2,2,2,2,2,2,2,2,2,2,2,2,2,2,2,2,2,2,2,2,2,2,2,2,2,2,2,2,2,2,2,2,2,2,2};

  lineBreakProperties[45]=new byte[]{4,2,2,2,2,2,2,2,2,2,2,2,2,2,2,2,2,2,2,2,2,2,2,2,2,2,2,27,8,0,0,0,2,2,2,2,2,2,2,2,2,2,2,2,2,2,2,2,2,2,2,2,2,2,2,2,2,2,2,2,2,2,2,2,2,2,2,2,2,2,2,2,2,2,2,2,2,2,2,2,2,2,2,2,2,2,2,2,2,2,2,2,2,2,2,2,2,2,2,2,2,2,2,2,2,2,2,4,4,4,2,2,2,0,0,0,0,0,0,0,0,0,0,0,0,0,0,0};

  lineBreakProperties[46]=new byte[]{2,2,2,2,2,2,2,2,2,2,2,2,2,0,2,2,2,2,9,9,9,0,0,0,0,0,0,0,0,0,0,0,2,2,2,2,2,2,2,2,2,2,2,2,2,2,2,2,2,2,9,9,9,4,4,0,0,0,0,0,0,0,0,0,2,2,2,2,2,2,2,2,2,2,2,2,2,2,2,2,2,2,9,9,0,0,0,0,0,0,0,0,0,0,0,0,2,2,2,2,2,2,2,2,2,2,2,2,2,0,2,2,2,0,9,9,0,0,0,0,0,0,0,0,0,0,0,0};

  lineBreakProperties[47]=new byte[]{31,31,31,31,31,31,31,31,31,31,31,31,31,31,31,31,31,31,31,31,31,31,31,31,31,31,31,31,31,31,31,31,31,31,31,31,31,31,31,31,31,31,31,31,31,31,31,31,31,31,31,31,31,31,31,31,31,31,31,31,31,31,31,31,31,31,31,31,31,31,31,31,31,31,31,31,31,31,31,31,31,31,31,31,4,4,25,31,4,2,4,29,31,31,0,0,26,26,26,26,26,26,26,26,26,26,0,0,0,0,0,0,2,2,2,2,2,2,2,2,2,2,0,0,0,0,0,0};

  lineBreakProperties[48]=new byte[]{2,2,12,12,4,4,5,2,12,12,2,9,9,9,13,0,26,26,26,26,26,26,26,26,26,26,0,0,0,0,0,0,2,2,2,2,2,2,2,2,2,2,2,2,2,2,2,2,2,2,2,2,2,2,2,2,2,2,2,2,2,2,2,2,2,2,2,2,2,2,2,2,2,2,2,2,2,2,2,2,2,2,2,2,2,2,2,2,2,2,2,2,2,2,2,2,2,2,2,2,2,2,2,2,2,2,2,2,2,2,2,2,2,2,2,2,2,2,2,2,0,0,0,0,0,0,0,0};

  lineBreakProperties[49]=new byte[]{2,2,2,2,2,2,2,2,2,2,2,2,2,2,2,2,2,2,2,2,2,2,2,2,2,2,2,2,2,2,2,2,2,2,2,2,2,2,2,2,2,9,2,0,0,0,0,0,2,2,2,2,2,2,2,2,2,2,2,2,2,2,2,2,2,2,2,2,2,2,2,2,2,2,2,2,2,2,2,2,2,2,2,2,2,2,2,2,2,2,2,2,2,2,2,2,2,2,2,2,2,2,2,2,2,2,2,2,2,2,2,2,2,2,2,2,2,2,0,0,0,0,0,0,0,0,0,0};

  lineBreakProperties[50]=new byte[]{2,2,2,2,2,2,2,2,2,2,2,2,2,2,2,2,2,2,2,2,2,2,2,2,2,2,2,2,2,0,0,0,9,9,9,9,9,9,9,9,9,9,9,9,0,0,0,0,9,9,9,9,9,9,9,9,9,9,9,9,0,0,0,0,2,0,0,0,12,12,26,26,26,26,26,26,26,26,26,26,31,31,31,31,31,31,31,31,31,31,31,31,31,31,31,31,31,31,31,31,31,31,31,31,31,31,31,31,31,31,0,0,31,31,31,31,31,0,0,0,0,0,0,0,0,0,0,0};

  lineBreakProperties[51]=new byte[]{31,31,31,31,31,31,31,31,31,31,31,31,31,31,31,31,31,31,31,31,31,31,31,31,31,31,31,31,31,31,31,31,31,31,31,31,31,31,31,31,31,31,31,31,0,0,0,0,31,31,31,31,31,31,31,31,31,31,31,31,31,31,31,31,31,31,31,31,31,31,31,31,31,31,0,0,0,0,0,0,26,26,26,26,26,26,26,26,26,26,31,0,0,0,31,31,2,2,2,2,2,2,2,2,2,2,2,2,2,2,2,2,2,2,2,2,2,2,2,2,2,2,2,2,2,2,2,2};

  lineBreakProperties[52]=new byte[]{2,2,2,2,2,2,2,2,2,2,2,2,2,2,2,2,2,2,2,2,2,2,2,9,9,9,9,9,0,0,2,2,31,31,31,31,31,31,31,31,31,31,31,31,31,31,31,31,31,31,31,31,31,31,31,31,31,31,31,31,31,31,31,31,31,31,31,31,31,31,31,31,31,31,31,31,31,31,31,31,31,31,31,31,31,31,31,31,31,31,31,31,31,31,31,0,31,31,31,31,31,31,31,31,31,31,31,31,31,31,31,31,31,31,31,31,31,31,31,31,31,31,31,31,31,0,0,9};

  lineBreakProperties[53]=new byte[]{26,26,26,26,26,26,26,26,26,26,0,0,0,0,0,0,26,26,26,26,26,26,26,26,26,26,0,0,0,0,0,0,31,31,31,31,31,31,31,31,31,31,31,31,31,31,0,0,0,0,0,0,0,0,0,0,0,0,0,0,0,0,0,0,0,0,0,0,0,0,0,0,0,0,0,0,0,0,0,0,0,0,0,0,0,0,0,0,0,0,0,0,0,0,0,0,0,0,0,0,0,0,0,0,0,0,0,0,0,0,0,0,0,0,0,0,0,0,0,0,0,0,0,0,0,0,0,0};

  lineBreakProperties[54]=new byte[]{9,9,9,9,9,2,2,2,2,2,2,2,2,2,2,2,2,2,2,2,2,2,2,2,2,2,2,2,2,2,2,2,2,2,2,2,2,2,2,2,2,2,2,2,2,2,2,2,2,2,2,2,9,9,9,9,9,9,9,9,9,9,9,9,9,9,9,9,9,2,2,2,2,2,2,2,0,0,0,0,26,26,26,26,26,26,26,26,26,26,4,4,2,4,4,4,4,2,2,2,2,2,2,2,2,2,2,9,9,9,9,9,9,9,9,9,2,2,2,2,2,2,2,2,2,0,0,0};

  lineBreakProperties[55]=new byte[]{9,9,9,2,2,2,2,2,2,2,2,2,2,2,2,2,2,2,2,2,2,2,2,2,2,2,2,2,2,2,2,2,2,9,9,9,9,9,9,9,9,9,9,0,0,0,2,2,26,26,26,26,26,26,26,26,26,26,0,0,0,0,0,0,2,2,2,2,2,2,2,2,2,2,2,2,2,2,2,2,2,2,2,2,2,2,2,2,2,2,2,2,2,2,2,2,2,2,2,2,2,2,9,9,9,9,9,9,9,9,9,9,9,9,9,9,0,0,0,0,0,0,0,0,2,2,2,2};

  lineBreakProperties[56]=new byte[]{2,2,2,2,2,2,2,2,2,2,2,2,2,2,2,2,2,2,2,2,2,2,2,2,2,2,2,2,2,2,2,2,2,2,2,2,9,9,9,9,9,9,9,9,9,9,9,9,9,9,9,9,9,9,9,9,0,0,0,4,4,4,4,4,26,26,26,26,26,26,26,26,26,26,0,0,0,2,2,2,26,26,26,26,26,26,26,26,26,26,2,2,2,2,2,2,2,2,2,2,2,2,2,2,2,2,2,2,2,2,2,2,2,2,2,2,2,2,2,2,2,2,2,2,2,2,4,4};

  lineBreakProperties[57]=new byte[]{0,0,0,0,0,0,0,0,0,0,0,0,0,0,0,0,0,0,0,0,0,0,0,0,0,0,0,0,0,0,0,0,0,0,0,0,0,0,0,0,0,0,0,0,0,0,0,0,0,0,0,0,0,0,0,0,0,0,0,0,0,0,0,0,0,0,0,0,0,0,0,0,0,0,0,0,0,0,0,0,9,9,9,2,9,9,9,9,9,9,9,9,9,9,9,9,9,9,9,9,9,9,9,9,9,2,2,2,2,9,2,2,2,2,9,0,0,0,0,0,0,0,0,0,0,0,0,0};

  lineBreakProperties[59]=new byte[]{2,2,2,2,2,2,2,2,2,2,2,2,2,2,2,2,2,2,2,2,2,2,2,2,2,2,2,2,2,2,2,2,2,2,2,2,2,2,2,2,2,2,2,2,2,2,2,2,2,2,2,2,2,2,2,2,2,2,2,2,2,2,2,2,9,9,9,9,9,9,9,9,9,9,9,9,9,9,9,9,9,9,9,9,9,9,9,9,9,9,9,9,9,9,9,9,9,9,9,9,9,9,9,0,0,0,0,0,0,0,0,0,0,0,0,0,0,0,0,0,0,0,0,0,9,9,9,9};

  lineBreakProperties[62]=new byte[]{2,2,2,2,2,2,2,2,2,2,2,2,2,2,2,2,2,2,2,2,2,2,0,0,2,2,2,2,2,2,0,0,2,2,2,2,2,2,2,2,2,2,2,2,2,2,2,2,2,2,2,2,2,2,2,2,2,2,2,2,2,2,2,2,2,2,2,2,2,2,0,0,2,2,2,2,2,2,0,0,2,2,2,2,2,2,2,2,0,2,0,2,0,2,0,2,2,2,2,2,2,2,2,2,2,2,2,2,2,2,2,2,2,2,2,2,2,2,2,2,2,2,2,2,2,2,0,0};

  lineBreakProperties[63]=new byte[]{2,2,2,2,2,2,2,2,2,2,2,2,2,2,2,2,2,2,2,2,2,2,2,2,2,2,2,2,2,2,2,2,2,2,2,2,2,2,2,2,2,2,2,2,2,2,2,2,2,2,2,2,2,0,2,2,2,2,2,2,2,2,2,2,2,2,2,2,2,0,2,2,2,2,2,2,2,2,2,2,2,2,2,2,0,0,2,2,2,2,2,2,0,2,2,2,2,2,2,2,2,2,2,2,2,2,2,2,2,2,2,2,0,0,2,2,2,0,2,2,2,2,2,2,2,5,2,0};

  lineBreakProperties[64]=new byte[]{4,4,4,4,4,4,4,13,4,4,4,37,9,9,9,9,4,13,4,4,3,1,1,2,30,30,27,30,30,30,27,30,1,1,2,2,18,18,18,4,6,6,9,9,9,9,9,13,28,28,28,28,28,28,28,28,2,30,30,1,25,25,2,2,2,2,2,2,19,27,8,25,25,25,2,2,2,2,2,2,2,2,2,2,2,2,4,2,4,4,4,4,2,4,4,4,35,2,2,2,2,0,0,0,0,0,9,9,9,9,9,9,2,2,0,0,1,2,2,2,2,2,2,2,2,27,8,1};

  lineBreakProperties[65]=new byte[]{2,1,1,1,1,2,2,2,2,2,2,2,2,27,8,0,2,2,2,2,2,2,2,2,2,2,2,2,2,0,0,0,29,29,29,29,29,29,29,28,29,29,29,29,29,29,29,29,29,29,29,29,29,29,28,29,29,29,0,0,0,0,0,0,0,0,0,0,0,0,0,0,0,0,0,0,0,0,0,0,9,9,9,9,9,9,9,9,9,9,9,9,9,9,9,9,9,9,9,9,9,9,9,9,9,9,9,9,9,9,9,9,9,0,0,0,0,0,0,0,0,0,0,0,0,0,0,0};

  lineBreakProperties[66]=new byte[]{2,2,2,28,2,1,2,2,2,28,2,2,2,2,2,2,2,2,2,1,2,2,29,2,2,2,2,2,2,2,2,2,2,1,1,2,2,2,2,2,2,2,2,1,2,2,2,2,2,2,2,2,2,2,2,2,2,2,2,2,2,2,2,2,2,2,2,2,2,2,2,2,2,2,2,2,2,2,2,2,2,2,2,2,1,1,2,2,2,2,2,1,2,2,1,2,1,1,1,1,1,1,1,1,1,1,1,1,2,2,2,2,1,1,1,1,1,1,1,1,1,1,2,2,2,2,2,2};

  lineBreakProperties[67]=new byte[]{2,2,2,2,2,2,2,2,2,1,0,0,0,0,0,0,1,1,1,1,1,1,1,1,1,1,2,2,2,2,2,2,2,2,2,2,2,2,2,2,2,2,2,2,2,2,2,2,2,2,2,2,2,2,2,2,2,2,2,2,2,2,2,2,2,2,2,2,2,2,2,2,2,2,2,2,2,2,2,2,2,2,1,2,1,2,2,2,2,2,2,2,2,2,2,2,2,2,2,2,2,2,2,2,2,2,2,2,2,2,2,2,2,2,2,2,2,2,2,2,2,2,2,2,2,2,2,2};

  lineBreakProperties[68]=new byte[]{1,2,1,1,2,2,2,1,1,2,2,1,2,2,2,1,2,1,29,29,2,1,2,2,2,2,1,2,2,1,1,1,1,2,2,1,2,1,2,1,1,1,1,1,1,2,1,2,2,2,2,2,1,1,1,1,2,2,2,2,1,1,2,2,2,2,2,2,2,2,2,2,1,2,2,2,1,2,2,2,2,2,1,2,2,2,2,2,2,2,2,2,2,2,2,2,1,1,2,2,1,1,1,1,2,2,1,1,2,2,1,1,2,2,2,2,2,2,2,2,2,2,2,2,2,2,2,2};

  lineBreakProperties[69]=new byte[]{2,2,1,1,2,2,1,1,2,2,2,2,2,2,2,2,2,2,2,2,2,1,2,2,2,1,2,2,2,2,2,2,2,2,2,2,2,1,2,2,2,2,2,2,2,2,2,2,2,2,2,2,2,2,2,2,2,2,2,2,2,2,2,1,2,2,2,2,2,2,2,2,2,2,2,2,2,2,2,2,2,2,2,2,2,2,2,2,2,2,2,2,2,2,2,2,2,2,2,2,2,2,2,2,2,2,2,2,2,2,2,2,2,2,2,2,2,2,2,2,2,2,2,2,2,2,2,2};

  lineBreakProperties[70]=new byte[]{2,2,2,2,2,2,2,2,2,2,2,2,2,2,2,2,2,2,1,2,2,2,2,2,2,2,2,2,2,2,2,2,2,2,2,2,2,2,2,2,2,27,8,2,2,2,2,2,2,2,2,2,2,2,2,2,2,2,2,2,2,2,2,2,2,2,2,2,2,2,2,2,2,2,2,2,2,2,2,2,2,2,2,2,2,2,2,2,2,2,2,2,2,2,2,2,2,2,2,2,2,2,2,2,2,2,2,2,2,2,2,2,2,2,2,2,2,2,2,2,2,2,2,2,2,2,2,2};

  lineBreakProperties[71]=new byte[]{2,2,2,2,2,2,2,2,2,2,2,2,2,2,2,2,2,2,2,2,2,2,2,2,2,2,2,2,2,2,2,2,2,2,2,2,2,2,2,2,2,2,2,2,2,2,2,2,2,2,2,2,2,2,2,2,2,2,2,2,2,2,2,2,2,2,2,2,2,2,2,2,2,2,2,2,2,2,2,2,2,2,2,2,2,2,2,2,2,2,2,2,2,2,2,2,2,2,2,2,2,2,2,2,2,2,2,2,2,2,2,2,2,2,2,2,0,0,0,0,0,0,0,0,0,0,0,0};

  lineBreakProperties[72]=new byte[]{2,2,2,2,2,2,2,2,2,2,2,2,2,2,2,2,2,2,2,2,2,2,2,2,2,2,2,2,2,2,2,2,2,2,2,2,2,2,2,0,0,0,0,0,0,0,0,0,0,0,0,0,0,0,0,0,0,0,0,0,0,0,0,0,2,2,2,2,2,2,2,2,2,2,2,0,0,0,0,0,0,0,0,0,0,0,0,0,0,0,0,0,0,0,0,0,1,1,1,1,1,1,1,1,1,1,1,1,1,1,1,1,1,1,1,1,1,1,1,1,1,1,1,1,1,1,1,1};

  lineBreakProperties[73]=new byte[]{1,1,1,1,1,1,1,1,1,1,1,1,1,1,1,1,1,1,1,1,1,1,1,1,1,1,1,1,1,1,1,1,1,1,1,1,1,1,1,1,1,1,1,1,1,1,1,1,1,1,1,1,1,1,1,1,1,1,1,1,1,1,1,1,1,1,1,1,1,1,1,1,1,1,1,1,1,1,1,1,1,1,1,1,1,1,1,1,1,1,1,1,1,1,1,1,1,1,1,1,1,1,1,1,1,1,1,1,1,1,1,1,1,1,1,1,1,1,1,1,1,1,1,1,1,1,1,2};

}

Location: LineBreakUtils.java

Content: 

private static void init1(){

  lineBreakProperties[74]=new byte[]{1,1,1,1,1,1,1,1,1,1,1,1,1,1,1,1,1,1,1,1,1,1,1,1,1,1,1,1,1,1,1,1,1,1,1,1,1,1,1,1,1,1,1,1,1,1,1,1,1,1,1,1,1,1,1,1,1,1,1,1,1,1,1,1,1,1,1,1,1,1,1,1,1,1,1,1,2,2,2,2,1,1,1,1,1,1,1,1,1,1,1,1,1,1,1,1,1,1,1,1,1,1,1,1,1,1,1,1,1,1,1,1,1,1,1,1,1,2,2,2,2,2,2,2,2,2,2,2};

  lineBreakProperties[75]=new byte[]{1,1,1,1,1,1,1,1,1,1,1,1,1,1,1,1,2,2,1,1,1,1,2,2,2,2,2,2,2,2,2,2,1,1,2,1,1,1,1,1,1,1,2,2,2,2,2,2,2,2,1,1,2,2,1,1,2,2,2,2,1,1,2,2,1,1,2,2,2,2,1,1,1,2,2,1,2,2,1,1,1,1,2,2,2,2,2,2,2,2,2,2,2,2,2,2,2,2,1,1,1,1,2,2,2,2,2,2,2,2,2,1,2,2,2,2,2,2,2,2,2,2,2,2,2,2,2,2};

  lineBreakProperties[76]=new byte[]{2,2,2,2,2,1,1,2,2,1,2,2,2,2,1,1,2,2,2,2,1,1,1,1,2,2,2,2,1,2,1,2,2,2,2,2,2,2,2,2,2,2,2,2,2,2,2,2,2,2,2,2,2,2,2,2,2,2,2,2,2,2,2,2,1,2,1,2,2,2,2,2,2,2,2,2,2,2,2,2,2,2,2,2,2,2,2,2,2,2,2,2,2,2,2,2,1,1,2,1,1,1,2,1,1,1,1,2,1,1,2,1,2,2,2,2,2,2,2,2,2,2,2,2,2,2,2,2};

  lineBreakProperties[77]=new byte[]{2,2,2,2,2,2,2,2,2,2,2,2,2,2,2,2,2,2,2,2,2,2,2,2,2,2,2,2,2,2,1,1,2,2,2,2,2,2,2,2,2,2,2,2,2,2,2,2,2,2,2,2,2,2,2,2,2,2,2,2,2,2,1,1,2,2,2,2,1,1,1,1,1,1,1,1,1,1,2,1,1,1,1,1,1,1,1,1,1,1,1,1,1,1,1,1,1,1,2,1,2,2,2,2,1,1,1,1,1,1,1,1,1,1,1,1,1,1,1,1,1,1,1,1,1,1,1,1};

  lineBreakProperties[78]=new byte[]{0,2,2,2,2,2,2,2,2,2,2,2,2,2,2,2,2,2,2,2,2,2,2,2,2,2,2,2,2,2,2,2,2,2,2,2,2,2,2,2,2,2,2,2,2,2,2,2,2,2,2,2,2,2,2,2,2,2,2,2,2,2,2,2,2,2,2,2,2,2,2,2,2,2,2,2,2,2,2,2,2,2,2,2,2,2,2,1,2,2,2,30,30,30,30,2,2,2,12,12,2,2,2,2,27,8,27,8,27,8,27,8,27,8,27,8,27,8,1,1,1,1,1,1,1,1,1,1};

  lineBreakProperties[79]=new byte[]{1,1,1,1,1,1,1,1,1,1,1,1,1,1,1,1,1,1,1,1,2,2,2,2,2,2,2,2,2,2,2,2,2,2,2,2,2,2,2,2,2,2,2,2,2,2,2,2,2,2,2,2,2,2,2,2,2,2,2,2,2,2,2,2,2,2,2,2,2,27,8,2,2,2,2,0,2,0,2,2,2,2,2,2,2,2,2,2,2,2,2,2,2,2,2,2,2,2,2,2,2,2,27,8,27,8,27,8,27,8,27,8,2,2,2,2,2,2,2,2,2,2,2,2,2,2,2,2};

  lineBreakProperties[83]=new byte[]{2,2,2,27,8,27,8,27,8,27,8,27,8,27,8,27,8,27,8,27,8,27,8,27,8,2,2,2,2,2,2,2,2,2,2,2,2,2,2,2,2,2,2,2,2,2,2,2,2,2,2,2,2,2,2,2,2,2,2,2,2,2,2,2,2,2,2,2,2,2,2,2,2,2,2,2,2,2,2,2,2,2,2,2,2,2,2,2,27,8,27,8,2,2,2,2,2,2,2,2,2,2,2,2,2,2,2,2,2,2,2,2,2,2,2,2,2,2,2,2,2,2,2,2,27,8,2,2};

  lineBreakProperties[86]=new byte[]{2,2,2,2,2,2,2,2,2,2,2,2,2,2,2,2,2,2,2,2,2,2,2,2,2,2,2,2,2,2,2,2,2,2,2,2,2,2,2,2,2,2,2,2,2,2,2,2,2,2,2,2,2,2,2,2,2,2,2,2,2,2,2,2,2,2,2,2,2,2,2,2,2,2,2,2,2,0,0,0,2,2,2,2,2,1,1,1,1,1,0,0,0,0,0,0,0,0,0,0,0,0,0,0,0,0,0,0,0,0,0,0,0,0,0,0,0,0,0,0,0,0,0,0,0,0,0,0};

  lineBreakProperties[88]=new byte[]{2,2,2,2,2,2,2,2,2,2,2,2,2,2,2,2,2,2,2,2,2,2,2,2,2,2,2,2,2,2,2,2,2,2,2,2,2,2,2,2,2,2,2,2,2,2,2,0,2,2,2,2,2,2,2,2,2,2,2,2,2,2,2,2,2,2,2,2,2,2,2,2,2,2,2,2,2,2,2,2,2,2,2,2,2,2,2,2,2,2,2,2,2,2,2,0,2,2,2,2,2,2,2,2,2,2,2,2,2,2,2,2,2,2,2,2,2,2,2,2,2,2,2,2,2,2,2,2};

  lineBreakProperties[89]=new byte[]{2,2,2,2,2,2,2,2,2,2,2,2,2,2,2,2,2,2,2,2,2,2,2,2,2,2,2,2,2,2,2,2,2,2,2,2,2,2,2,2,2,2,2,2,2,2,2,2,2,2,2,2,2,2,2,2,2,2,2,2,2,2,2,2,2,2,2,2,2,2,2,2,2,2,2,2,2,2,2,2,2,2,2,2,2,2,2,2,2,2,2,2,2,2,2,2,2,2,2,2,2,2,2,2,2,2,2,2,2,2,2,9,9,9,0,0,0,0,0,0,0,12,4,4,4,2,12,4};

  lineBreakProperties[90]=new byte[]{2,2,2,2,2,2,2,2,2,2,2,2,2,2,2,2,2,2,2,2,2,2,2,2,2,2,2,2,2,2,2,2,2,2,2,2,2,2,0,0,0,0,0,0,0,0,0,0,2,2,2,2,2,2,2,2,2,2,2,2,2,2,2,2,2,2,2,2,2,2,2,2,2,2,2,2,2,2,2,2,2,2,2,2,2,2,2,2,2,2,2,2,2,2,2,2,2,2,2,2,2,2,0,0,0,0,0,0,0,0,0,2,4,0,0,0,0,0,0,0,0,0,0,0,0,0,0,9};

  lineBreakProperties[91]=new byte[]{2,2,2,2,2,2,2,2,2,2,2,2,2,2,2,2,2,2,2,2,2,2,2,0,0,0,0,0,0,0,0,0,2,2,2,2,2,2,2,0,2,2,2,2,2,2,2,0,2,2,2,2,2,2,2,0,2,2,2,2,2,2,2,0,2,2,2,2,2,2,2,0,2,2,2,2,2,2,2,0,2,2,2,2,2,2,2,0,2,2,2,2,2,2,2,0,9,9,9,9,9,9,9,9,9,9,9,9,9,9,9,9,9,9,9,9,9,9,9,9,9,9,9,9,9,9,9,9};

  lineBreakProperties[92]=new byte[]{30,30,30,30,30,30,30,30,30,30,30,30,30,30,4,4,4,4,4,4,4,4,2,4,27,4,2,2,30,30,2,2,30,30,27,8,27,8,27,8,27,8,4,4,4,4,12,2,4,4,0,0,0,0,0,0,0,0,0,0,0,0,0,0,0,0,0,0,0,0,0,0,0,0,0,0,0,0,0,0,0,0,0,0,0,0,0,0,0,0,0,0,0,0,0,0,0,0,0,0,0,0,0,0,0,0,0,0,0,0,0,0,0,0,0,0,0,0,0,0,0,0,0,0,0,0,0,0};

  lineBreakProperties[93]=new byte[]{17,17,17,17,17,17,17,17,17,17,17,17,17,17,17,17,17,17,17,17,17,17,17,17,17,17,0,17,17,17,17,17,17,17,17,17,17,17,17,17,17,17,17,17,17,17,17,17,17,17,17,17,17,17,17,17,17,17,17,17,17,17,17,17,17,17,17,17,17,17,17,17,17,17,17,17,17,17,17,17,17,17,17,17,17,17,17,17,17,17,17,17,17,17,17,17,17,17,17,17,17,17,17,17,17,17,17,17,17,17,17,17,17,17,17,17,0,0,0,0,0,0,0,0,0,0,0,0};

  lineBreakProperties[94]=new byte[]{17,17,17,17,17,17,17,17,17,17,17,17,17,17,17,17,17,17,17,17,17,17,17,17,17,17,17,17,17,17,17,17,17,17,17,17,17,17,17,17,17,17,17,17,17,17,17,17,17,17,17,17,17,17,17,17,17,17,17,17,17,17,17,17,17,17,17,17,17,17,17,17,17,17,17,17,17,17,17,17,17,17,17,17,17,17,17,17,17,17,17,17,17,17,17,17,17,17,17,17,17,17,17,17,17,17,17,17,17,17,17,17,17,17,17,17,17,17,17,17,17,17,17,17,17,17,17,17};

  lineBreakProperties[95]=new byte[]{17,17,17,17,17,17,17,17,17,17,17,17,17,17,17,17,17,17,17,17,17,17,17,17,17,17,17,17,17,17,17,17,17,17,17,17,17,17,17,17,17,17,17,17,17,17,17,17,17,17,17,17,17,17,17,17,17,17,17,17,17,17,17,17,17,17,17,17,17,17,17,17,17,17,17,17,17,17,17,17,17,17,17,17,17,17,0,0,0,0,0,0,0,0,0,0,0,0,0,0,0,0,0,0,0,0,0,0,0,0,0,0,17,17,17,17,17,17,17,17,17,17,17,17,0,0,0,0};

  lineBreakProperties[96]=new byte[]{17,8,8,17,17,25,17,17,27,8,27,8,27,8,27,8,27,8,17,17,27,8,27,8,27,8,27,8,25,27,8,8,17,17,17,17,17,17,17,17,17,17,9,9,9,9,9,9,17,17,17,17,17,17,17,17,17,17,17,25,25,17,17,17,0,25,17,25,17,25,17,25,17,25,17,17,17,17,17,17,17,17,17,17,17,17,17,17,17,17,17,17,17,17,17,17,17,17,17,25,17,17,17,17,17,17,17,17,17,17,17,17,17,17,17,17,17,17,17,17,17,17,17,17,17,17,17,17};

  lineBreakProperties[97]=new byte[]{17,17,17,25,17,25,17,25,17,17,17,17,17,17,25,17,17,17,17,17,17,25,25,0,0,9,9,25,25,25,25,17,25,25,17,25,17,25,17,25,17,25,17,17,17,17,17,17,17,17,17,17,17,17,17,17,17,17,17,17,17,17,17,17,17,17,17,25,17,17,17,17,17,17,17,17,17,17,17,17,17,17,17,17,17,17,17,17,17,17,17,17,17,17,17,17,17,17,17,25,17,25,17,25,17,17,17,17,17,17,25,17,17,17,17,17,17,25,25,17,17,17,17,25,25,25,25,17};

  lineBreakProperties[98]=new byte[]{0,0,0,0,0,17,17,17,17,17,17,17,17,17,17,17,17,17,17,17,17,17,17,17,17,17,17,17,17,17,17,17,17,17,17,17,17,17,17,17,17,17,17,17,17,17,0,0,0,17,17,17,17,17,17,17,17,17,17,17,17,17,17,17,17,17,17,17,17,17,17,17,17,17,17,17,17,17,17,17,17,17,17,17,17,17,17,17,17,17,17,17,17,17,17,17,17,17,17,17,17,17,17,17,17,17,17,17,17,17,17,17,17,17,17,17,17,17,17,17,17,17,17,17,17,17,17,17};

  lineBreakProperties[99]=new byte[]{17,17,17,17,17,17,17,17,17,17,17,17,17,17,17,0,17,17,17,17,17,17,17,17,17,17,17,17,17,17,17,17,17,17,17,17,17,17,17,17,17,17,17,17,17,17,17,17,17,17,17,17,17,17,17,17,17,17,17,0,0,0,0,0,17,17,17,17,17,17,17,17,17,17,17,17,17,17,17,17,17,17,17,17,17,17,17,17,17,17,17,17,17,17,17,17,17,17,17,17,0,0,0,0,0,0,0,0,0,0,0,0,25,25,25,25,25,25,25,25,25,25,25,25,25,25,25,25};

  lineBreakProperties[100]=new byte[]{17,17,17,17,17,17,17,17,17,17,17,17,17,17,17,17,17,17,17,17,17,17,17,17,17,17,17,17,17,17,17,0,17,17,17,17,17,17,17,17,17,17,17,17,17,17,17,17,17,17,17,17,17,17,17,17,17,17,17,17,17,17,17,17,17,17,17,17,17,17,17,17,1,1,1,1,1,1,1,1,17,17,17,17,17,17,17,17,17,17,17,17,17,17,17,17,17,17,17,17,17,17,17,17,17,17,17,17,17,17,17,17,17,17,17,17,17,17,17,17,17,17,17,17,17,17,17,17};

  lineBreakProperties[101]=new byte[]{17,17,17,17,17,17,17,17,17,17,17,17,17,17,17,17,17,17,17,17,17,17,17,17,17,17,17,17,17,17,17,17,17,17,17,17,17,17,17,17,17,17,17,17,17,17,17,17,17,17,17,17,17,17,17,17,17,17,17,17,17,17,17,17,17,17,17,17,17,17,17,17,17,17,17,17,17,17,17,17,17,17,17,17,17,17,17,17,17,17,17,17,17,17,17,17,17,17,17,17,17,17,17,17,17,17,17,17,17,17,17,17,17,17,17,17,17,17,17,17,17,17,17,17,17,17,17,0};

  lineBreakProperties[155]=new byte[]{17,17,17,17,17,17,17,17,17,17,17,17,17,17,17,17,17,17,17,17,17,17,17,17,17,17,17,17,17,17,17,17,17,17,17,17,17,17,17,17,17,17,17,17,17,17,17,17,17,17,17,17,17,17,17,17,17,17,17,17,17,17,17,17,2,2,2,2,2,2,2,2,2,2,2,2,2,2,2,2,2,2,2,2,2,2,2,2,2,2,2,2,2,2,2,2,2,2,2,2,2,2,2,2,2,2,2,2,2,2,2,2,2,2,2,2,2,2,2,2,2,2,2,2,2,2,2,2};

  lineBreakProperties[320]=new byte[]{17,17,17,17,17,17,17,17,17,17,17,17,17,17,17,17,17,17,17,17,17,25,17,17,17,17,17,17,17,17,17,17,17,17,17,17,17,17,17,17,17,17,17,17,17,17,17,17,17,17,17,17,17,17,17,17,17,17,17,17,17,17,17,17,17,17,17,17,17,17,17,17,17,17,17,17,17,17,17,17,17,17,17,17,17,17,17,17,17,17,17,17,17,17,17,17,17,17,17,17,17,17,17,17,17,17,17,17,17,17,17,17,17,17,17,17,17,17,17,17,17,17,17,17,17,17,17,17};

  lineBreakProperties[329]=new byte[]{17,17,17,17,17,17,17,17,17,17,17,17,17,0,0,0,17,17,17,17,17,17,17,17,17,17,17,17,17,17,17,17,17,17,17,17,17,17,17,17,17,17,17,17,17,17,17,17,17,17,17,17,17,17,17,17,17,17,17,17,17,17,17,17,17,17,17,17,17,17,17,0,0,0,0,0,0,0,0,0,2,2,2,2,2,2,2,2,2,2,2,2,2,2,2,2,2,2,2,2,2,2,2,2,2,2,2,2,2,2,2,2,2,2,2,2,2,2,2,2,2,2,2,2,2,2,4,4};

  lineBreakProperties[332]=new byte[]{2,2,2,2,2,2,2,2,2,2,2,2,2,4,12,4,2,2,2,2,2,2,2,2,2,2,2,2,2,2,2,2,26,26,26,26,26,26,26,26,26,26,2,2,0,0,0,0,0,0,0,0,0,0,0,0,0,0,0,0,0,0,0,0,2,2,2,2,2,2,2,2,2,2,2,2,2,2,2,2,2,2,2,2,2,2,2,2,2,2,2,2,2,2,2,2,2,2,2,2,2,2,2,2,2,2,2,2,2,2,2,9,9,9,9,2,0,0,0,0,0,0,0,0,9,9,2,2};

  lineBreakProperties[333]=new byte[]{2,2,2,2,2,2,2,2,2,2,2,2,2,2,2,2,2,2,2,2,2,2,2,2,0,0,0,0,0,0,0,0,2,2,2,2,2,2,2,2,2,2,2,2,2,2,2,2,2,2,2,2,2,2,2,2,2,2,2,2,2,2,2,2,2,2,2,2,2,2,2,2,2,2,2,2,2,2,2,2,2,2,2,2,2,2,2,2,2,2,2,2,2,2,2,2,2,2,2,2,2,2,2,2,2,2,2,2,2,2,2,2,9,9,2,4,4,4,4,4,0,0,0,0,0,0,0,0};

  lineBreakProperties[335]=new byte[]{2,2,2,2,2,2,2,2,2,2,2,2,2,2,2,0,2,2,0,0,0,0,0,0,0,0,0,0,0,0,0,0,2,2,2,2,2,2,2,2,2,2,0,0,0,0,0,0,0,0,0,0,0,0,0,0,0,0,0,0,0,0,0,0,0,0,0,0,0,0,0,0,0,0,0,0,0,0,0,0,0,0,0,0,0,0,0,0,0,0,0,0,0,0,0,0,0,0,0,0,0,0,0,0,0,0,0,0,0,0,0,0,0,0,0,0,0,0,0,0,0,0,2,2,2,2,2,2};

  lineBreakProperties[336]=new byte[]{2,2,9,2,2,2,9,2,2,2,2,9,2,2,2,2,2,2,2,2,2,2,2,2,2,2,2,2,2,2,2,2,2,2,2,9,9,9,9,9,2,2,2,2,0,0,0,0,2,2,2,2,2,2,2,2,28,2,0,0,0,0,0,0,2,2,2,2,2,2,2,2,2,2,2,2,2,2,2,2,2,2,2,2,2,2,2,2,2,2,2,2,2,2,2,2,2,2,2,2,2,2,2,2,2,2,2,2,2,2,2,2,2,2,2,2,5,5,12,12,0,0,0,0,0,0,0,0};

  lineBreakProperties[337]=new byte[]{9,9,2,2,2,2,2,2,2,2,2,2,2,2,2,2,2,2,2,2,2,2,2,2,2,2,2,2,2,2,2,2,2,2,2,2,2,2,2,2,2,2,2,2,2,2,2,2,2,2,2,2,9,9,9,9,9,9,9,9,9,9,9,9,9,9,9,9,9,0,0,0,0,0,0,0,0,0,4,4,26,26,26,26,26,26,26,26,26,26,0,0,0,0,0,0,9,9,9,9,9,9,9,9,9,9,9,9,9,9,9,9,9,9,2,2,2,2,2,2,2,2,2,2,0,0,0,0};

  lineBreakProperties[338]=new byte[]{26,26,26,26,26,26,26,26,26,26,2,2,2,2,2,2,2,2,2,2,2,2,2,2,2,2,2,2,2,2,2,2,2,2,2,2,2,2,9,9,9,9,9,9,9,9,4,4,2,2,2,2,2,2,2,2,2,2,2,2,2,2,2,2,2,2,2,2,2,2,2,9,9,9,9,9,9,9,9,9,9,9,9,9,0,0,0,0,0,0,0,0,0,0,0,2,20,20,20,20,20,20,20,20,20,20,20,20,20,20,20,20,20,20,20,20,20,20,20,20,20,20,20,20,20,0,0,0};

  lineBreakProperties[339]=new byte[]{9,9,9,9,2,2,2,2,2,2,2,2,2,2,2,2,2,2,2,2,2,2,2,2,2,2,2,2,2,2,2,2,2,2,2,2,2,2,2,2,2,2,2,2,2,2,2,2,2,2,2,9,9,9,9,9,9,9,9,9,9,9,9,9,9,2,2,2,2,2,2,4,4,4,2,2,2,2,0,2,26,26,26,26,26,26,26,26,26,26,0,0,0,0,2,2,0,0,0,0,0,0,0,0,0,0,0,0,0,0,0,0,0,0,0,0,0,0,0,0,0,0,0,0,0,0,0,0};

  lineBreakProperties[340]=new byte[]{2,2,2,2,2,2,2,2,2,2,2,2,2,2,2,2,2,2,2,2,2,2,2,2,2,2,2,2,2,2,2,2,2,2,2,2,2,2,2,2,2,9,9,9,9,9,9,9,9,9,9,9,9,9,9,0,0,0,0,0,0,0,0,0,2,2,2,9,2,2,2,2,2,2,2,2,9,9,0,0,26,26,26,26,26,26,26,26,26,26,0,0,2,4,4,4,31,31,31,31,31,31,31,31,31,31,31,31,31,31,31,31,31,31,31,31,31,31,31,31,31,31,31,31,0,0,0,0};

  lineBreakProperties[341]=new byte[]{31,31,31,31,31,31,31,31,31,31,31,31,31,31,31,31,31,31,31,31,31,31,31,31,31,31,31,31,31,31,31,31,31,31,31,31,31,31,31,31,31,31,31,31,31,31,31,31,31,31,31,31,31,31,31,31,31,31,31,31,31,31,31,31,31,31,31,0,0,0,0,0,0,0,0,0,0,0,0,0,0,0,0,0,0,0,0,0,0,0,0,31,31,31,31,31,0,0,0,0,0,0,0,0,0,0,0,0,0,0,0,0,0,0,0,0,0,0,0,0,0,0,0,0,0,0,0,0};

  lineBreakProperties[342]=new byte[]{0,2,2,2,2,2,2,0,0,2,2,2,2,2,2,0,0,2,2,2,2,2,2,0,0,0,0,0,0,0,0,0,2,2,2,2,2,2,2,0,2,2,2,2,2,2,2,0,0,0,0,0,0,0,0,0,0,0,0,0,0,0,0,0,0,0,0,0,0,0,0,0,0,0,0,0,0,0,0,0,0,0,0,0,0,0,0,0,0,0,0,0,0,0,0,0,0,0,0,0,0,0,0,0,0,0,0,0,0,0,0,0,0,0,0,0,0,0,0,0,0,0,0,0,0,0,0,0};

  lineBreakProperties[343]=new byte[]{0,0,0,0,0,0,0,0,0,0,0,0,0,0,0,0,0,0,0,0,0,0,0,0,0,0,0,0,0,0,0,0,0,0,0,0,0,0,0,0,0,0,0,0,0,0,0,0,0,0,0,0,0,0,0,0,0,0,0,0,0,0,0,0,2,2,2,2,2,2,2,2,2,2,2,2,2,2,2,2,2,2,2,2,2,2,2,2,2,2,2,2,2,2,2,2,2,2,2,9,9,9,9,9,9,9,9,4,9,9,0,0,26,26,26,26,26,26,26,26,26,26,0,0,0,0,0,0};

  lineBreakProperties[344]=new byte[]{14,15,15,15,15,15,15,15,15,15,15,15,15,15,15,15,15,15,15,15,15,15,15,15,15,15,15,15,14,15,15,15,15,15,15,15,15,15,15,15,15,15,15,15,15,15,15,15,15,15,15,15,15,15,15,15,14,15,15,15,15,15,15,15,15,15,15,15,15,15,15,15,15,15,15,15,15,15,15,15,15,15,15,15,14,15,15,15,15,15,15,15,15,15,15,15,15,15,15,15,15,15,15,15,15,15,15,15,15,15,15,15,14,15,15,15,15,15,15,15,15,15,15,15,15,15,15,15};

  lineBreakProperties[345]=new byte[]{15,15,15,15,15,15,15,15,15,15,15,15,14,15,15,15,15,15,15,15,15,15,15,15,15,15,15,15,15,15,15,15,15,15,15,15,15,15,15,15,14,15,15,15,15,15,15,15,15,15,15,15,15,15,15,15,15,15,15,15,15,15,15,15,15,15,15,15,14,15,15,15,15,15,15,15,15,15,15,15,15,15,15,15,15,15,15,15,15,15,15,15,15,15,15,15,14,15,15,15,15,15,15,15,15,15,15,15,15,15,15,15,15,15,15,15,15,15,15,15,15,15,15,15,14,15,15,15};

  lineBreakProperties[346]=new byte[]{15,15,15,15,15,15,15,15,15,15,15,15,15,15,15,15,15,15,15,15,15,15,15,15,14,15,15,15,15,15,15,15,15,15,15,15,15,15,15,15,15,15,15,15,15,15,15,15,15,15,15,15,14,15,15,15,15,15,15,15,15,15,15,15,15,15,15,15,15,15,15,15,15,15,15,15,15,15,15,15,14,15,15,15,15,15,15,15,15,15,15,15,15,15,15,15,15,15,15,15,15,15,15,15,15,15,15,15,14,15,15,15,15,15,15,15,15,15,15,15,15,15,15,15,15,15,15,15};

  lineBreakProperties[347]=new byte[]{15,15,15,15,15,15,15,15,14,15,15,15,15,15,15,15,15,15,15,15,15,15,15,15,15,15,15,15,15,15,15,15,15,15,15,15,14,15,15,15,15,15,15,15,15,15,15,15,15,15,15,15,15,15,15,15,15,15,15,15,15,15,15,15,14,15,15,15,15,15,15,15,15,15,15,15,15,15,15,15,15,15,15,15,15,15,15,15,15,15,15,15,14,15,15,15,15,15,15,15,15,15,15,15,15,15,15,15,15,15,15,15,15,15,15,15,15,15,15,15,14,15,15,15,15,15,15,15};

  lineBreakProperties[348]=new byte[]{15,15,15,15,15,15,15,15,15,15,15,15,15,15,15,15,15,15,15,15,14,15,15,15,15,15,15,15,15,15,15,15,15,15,15,15,15,15,15,15,15,15,15,15,15,15,15,15,14,15,15,15,15,15,15,15,15,15,15,15,15,15,15,15,15,15,15,15,15,15,15,15,15,15,15,15,14,15,15,15,15,15,15,15,15,15,15,15,15,15,15,15,15,15,15,15,15,15,15,15,15,15,15,15,14,15,15,15,15,15,15,15,15,15,15,15,15,15,15,15,15,15,15,15,15,15,15,15};

  lineBreakProperties[349]=new byte[]{15,15,15,15,14,15,15,15,15,15,15,15,15,15,15,15,15,15,15,15,15,15,15,15,15,15,15,15,15,15,15,15,14,15,15,15,15,15,15,15,15,15,15,15,15,15,15,15,15,15,15,15,15,15,15,15,15,15,15,15,14,15,15,15,15,15,15,15,15,15,15,15,15,15,15,15,15,15,15,15,15,15,15,15,15,15,15,15,14,15,15,15,15,15,15,15,15,15,15,15,15,15,15,15,15,15,15,15,15,15,15,15,15,15,15,15,14,15,15,15,15,15,15,15,15,15,15,15};

  lineBreakProperties[350]=new byte[]{15,15,15,15,15,15,15,15,15,15,15,15,15,15,15,15,14,15,15,15,15,15,15,15,15,15,15,15,15,15,15,15,15,15,15,15,15,15,15,15,15,15,15,15,14,15,15,15,15,15,15,15,15,15,15,15,15,15,15,15,15,15,15,15,15,15,15,15,15,15,15,15,14,15,15,15,15,15,15,15,15,15,15,15,15,15,15,15,15,15,15,15,15,15,15,15,15,15,15,15,14,15,15,15,15,15,15,15,15,15,15,15,15,15,15,15,15,15,15,15,15,15,15,15,15,15,15,15};

  lineBreakProperties[431]=new byte[]{15,15,15,15,15,15,15,15,14,15,15,15,15,15,15,15,15,15,15,15,15,15,15,15,15,15,15,15,15,15,15,15,15,15,15,15,0,0,0,0,0,0,0,0,0,0,0,0,22,22,22,22,22,22,22,22,22,22,22,22,22,22,22,22,22,22,22,22,22,22,22,0,0,0,0,21,21,21,21,21,21,21,21,21,21,21,21,21,21,21,21,21,21,21,21,21,21,21,21,21,21,21,21,21,21,21,21,21,21,21,21,21,21,21,21,21,21,21,21,21,21,21,21,21,0,0,0,0};

  lineBreakProperties[432]=new byte[]{32,32,32,32,32,32,32,32,32,32,32,32,32,32,32,32,32,32,32,32,32,32,32,32,32,32,32,32,32,32,32,32,32,32,32,32,32,32,32,32,32,32,32,32,32,32,32,32,32,32,32,32,32,32,32,32,32,32,32,32,32,32,32,32,32,32,32,32,32,32,32,32,32,32,32,32,32,32,32,32,32,32,32,32,32,32,32,32,32,32,32,32,32,32,32,32,32,32,32,32,32,32,32,32,32,32,32,32,32,32,32,32,32,32,32,32,32,32,32,32,32,32,32,32,32,32,32,32};

  lineBreakProperties[448]=new byte[]{36,36,36,36,36,36,36,36,36,36,36,36,36,36,36,36,36,36,36,36,36,36,36,36,36,36,36,36,36,36,36,36,36,36,36,36,36,36,36,36,36,36,36,36,36,36,36,36,36,36,36,36,36,36,36,36,36,36,36,36,36,36,36,36,36,36,36,36,36,36,36,36,36,36,36,36,36,36,36,36,36,36,36,36,36,36,36,36,36,36,36,36,36,36,36,36,36,36,36,36,36,36,36,36,36,36,36,36,36,36,36,36,36,36,36,36,36,36,36,36,36,36,36,36,36,36,36,36};

  lineBreakProperties[502]=new byte[]{2,2,2,2,2,2,2,0,0,0,0,0,0,0,0,0,0,0,0,2,2,2,2,2,0,0,0,0,0,2,9,2,2,2,2,2,2,2,2,2,2,2,2,2,2,2,2,2,2,2,2,2,2,2,2,0,2,2,2,2,2,0,2,0,2,2,0,2,2,0,2,2,2,2,2,2,2,2,2,2,2,2,2,2,2,2,2,2,2,2,2,2,2,2,2,2,2,2,2,2,2,2,2,2,2,2,2,2,2,2,2,2,2,2,2,2,2,2,2,2,2,2,2,2,2,2,2,2};

  lineBreakProperties[503]=new byte[]{2,2,2,2,2,2,2,2,2,2,2,2,2,2,2,2,2,2,2,2,2,2,2,2,2,2,2,2,2,2,2,2,2,2,2,2,2,2,2,2,2,2,2,2,2,2,2,2,2,2,2,2,2,2,2,2,2,2,2,2,2,2,2,2,2,2,0,0,0,0,0,0,0,0,0,0,0,0,0,0,0,0,0,2,2,2,2,2,2,2,2,2,2,2,2,2,2,2,2,2,2,2,2,2,2,2,2,2,2,2,2,2,2,2,2,2,2,2,2,2,2,2,2,2,2,2,2,2};

  lineBreakProperties[506]=new byte[]{2,2,2,2,2,2,2,2,2,2,2,2,2,2,2,2,2,2,2,2,2,2,2,2,2,2,2,2,2,2,2,2,2,2,2,2,2,2,2,2,2,2,2,2,2,2,2,2,2,2,2,2,2,2,2,2,2,2,2,2,2,2,27,8,0,0,0,0,0,0,0,0,0,0,0,0,0,0,0,0,2,2,2,2,2,2,2,2,2,2,2,2,2,2,2,2,2,2,2,2,2,2,2,2,2,2,2,2,2,2,2,2,2,2,2,2,2,2,2,2,2,2,2,2,2,2,2,2};

  lineBreakProperties[507]=new byte[]{2,2,2,2,2,2,2,2,2,2,2,2,2,2,2,2,0,0,2,2,2,2,2,2,2,2,2,2,2,2,2,2,2,2,2,2,2,2,2,2,2,2,2,2,2,2,2,2,2,2,2,2,2,2,2,2,2,2,2,2,2,2,2,2,2,2,2,2,2,2,2,2,0,0,0,0,0,0,0,0,0,0,0,0,0,0,0,0,0,0,0,0,0,0,0,0,0,0,0,0,0,0,0,0,0,0,0,0,0,0,0,0,2,2,2,2,2,2,2,2,2,2,2,2,28,2,0,0};

  lineBreakProperties[508]=new byte[]{9,9,9,9,9,9,9,9,9,9,9,9,9,9,9,9,19,8,8,19,19,12,12,27,8,18,0,0,0,0,0,0,9,9,9,9,9,9,9,0,0,0,0,0,0,0,0,0,17,17,17,17,17,27,8,27,8,27,8,27,8,27,8,27,8,27,8,27,8,17,17,27,8,17,17,17,17,17,17,17,8,17,8,0,25,25,12,12,17,27,8,27,8,27,8,17,17,17,17,17,17,17,17,0,17,29,28,17,0,0,0,0,2,2,2,2,2,0,2,2,2,2,2,2,2,2,2,2};

  lineBreakProperties[509]=new byte[]{2,2,2,2,2,2,2,2,2,2,2,2,2,2,2,2,2,2,2,2,2,2,2,2,2,2,2,2,2,2,2,2,2,2,2,2,2,2,2,2,2,2,2,2,2,2,2,2,2,2,2,2,2,2,2,2,2,2,2,2,2,2,2,2,2,2,2,2,2,2,2,2,2,2,2,2,2,2,2,2,2,2,2,2,2,2,2,2,2,2,2,2,2,2,2,2,2,2,2,2,2,2,2,2,2,2,2,2,2,2,2,2,2,2,2,2,2,2,2,2,2,2,2,2,2,0,0,35};

  lineBreakProperties[510]=new byte[]{0,12,17,17,29,28,17,17,27,8,17,17,8,17,8,17,17,17,17,17,17,17,17,17,17,17,25,25,17,17,17,12,17,17,17,17,17,17,17,17,17,17,17,17,17,17,17,17,17,17,17,17,17,17,17,17,17,17,17,27,17,8,17,17,17,17,17,17,17,17,17,17,17,17,17,17,17,17,17,17,17,17,17,17,17,17,17,17,17,17,17,27,17,8,17,27,8,8,27,8,8,25,2,25,25,25,25,25,25,25,25,25,25,2,2,2,2,2,2,2,2,2,2,2,2,2,2,2};

  lineBreakProperties[511]=new byte[]{2,2,2,2,2,2,2,2,2,2,2,2,2,2,2,2,2,2,2,2,2,2,2,2,2,2,2,2,2,2,25,25,2,2,2,2,2,2,2,2,2,2,2,2,2,2,2,2,2,2,2,2,2,2,2,2,2,2,2,2,2,2,2,0,0,0,2,2,2,2,2,2,0,0,2,2,2,2,2,2,0,0,2,2,2,2,2,2,0,0,2,2,2,0,0,0,28,29,17,17,17,29,29,0,2,2,2,2,2,2,2,0,0,0,0,0,0,0,0,0,0,9,9,9,7,1,0,0};

}

Location: LineBreakUtils.java

Content: 

private LineBreakUtils(){

}

